Measurement Values
y/x	-10.00	 -5.00	  0.00	  5.00	 10.00	 15.00	 20.00	 25.00	
-15.00	 95.97	100.27	 98.26	 97.67	 95.56	100.35	 96.72	 99.38	
-10.00	 99.43	104.52	103.12	100.54	103.13	102.78	 94.53	 98.27	
 -5.00	104.41	104.54	108.75	106.50	102.95	 99.27	 96.98	 98.99	
  0.00	103.25	104.28	115.64	113.09	109.95	105.75	100.83	 97.90	
  5.00	105.49	108.23	116.60	115.34	105.81	101.24	 98.81	 98.20	
 10.00	100.23	107.22	107.61	106.03	106.14	102.13	 98.99	 99.08	
 15.00	102.44	105.41	103.10	105.96	 99.14	103.92	 96.55	 94.84	
 20.00	100.28	 96.53	 96.17	103.23	 97.03	 96.77	 98.45	 94.21	
 25.00	 93.33	101.43	 98.59	 97.32	 97.65	 95.49	 95.39	 92.78	
 30.00	 97.51	 96.17	 97.33	 93.88	 94.97	 97.69	 96.21	 93.70	
 35.00	 96.55	 91.04	 95.59	 91.17	 93.89	 92.63	 96.68	 89.21	
 40.00	 96.86	 97.30	 95.84	 93.04	 93.36	 90.80	 93.84	 90.77	
 45.00	 93.91	 91.62	 94.40	 90.59	 91.85	 95.57	 93.25	 89.09	
 50.00	 92.23	 88.46	 89.14	 92.34	 92.43	 90.17	 91.54	 90.23	
 55.00	 86.60	 89.04	 86.72	 89.69	 92.00	 87.13	 86.45	 90.79	
 60.00	 85.76	 85.89	 87.35	 90.52	 86.22	 88.58	 90.50	 90.96	
 65.00	 85.61	 88.68	 88.64	 87.93	 86.28	 90.35	 90.38	 90.40	
 70.00	 88.73	 85.36	 88.04	 90.16	 91.53	 86.48	 86.20	 90.91	
 75.00	 90.13	 91.04	 85.67	 85.73	 84.17	 84.32	 88.70	 84.95	
 80.00	 84.52	 84.57	 91.19	 86.76	 85.92	 85.64	 85.95	 86.04	
 85.00	 83.56	 82.97	 86.36	 89.65	 90.14	 84.72	 83.79	 89.37	
 90.00	 87.27	 89.89	 87.50	 89.15	 82.24	 83.20	 88.57	 85.35	
 95.00	 87.51	 87.18	 84.47	 83.03	 82.92	 83.16	 84.93	 88.30	
100.00	 87.71	 84.91	 84.90	 84.85	 84.52	 88.39	 81.16	 83.40	



Theoretical Values
y/x	-10.00	 -5.00	  0.00	  5.00	 10.00	 15.00	 20.00	 25.00	
-15.00	100.08	101.75	102.92	102.92	101.75	100.08	 98.38	 96.82	
-10.00	101.75	104.52	107.07	107.07	104.52	101.75	 99.44	 97.53	
 -5.00	102.92	107.07	114.06	114.06	107.07	102.92	100.08	 97.93	
  0.00	102.92	107.07	114.06	114.06	107.07	102.92	100.08	 97.93	
  5.00	101.75	104.52	107.07	107.07	104.52	101.75	 99.44	 97.53	
 10.00	100.08	101.75	102.92	102.92	101.75	100.08	 98.38	 96.82	
 15.00	 98.38	 99.44	100.08	100.08	 99.44	 98.38	 97.16	 95.93	
 20.00	 96.82	 97.53	 97.93	 97.93	 97.53	 96.82	 95.93	 94.97	
 25.00	 95.43	 95.93	 96.21	 96.21	 95.93	 95.43	 94.77	 94.02	
 30.00	 94.19	 94.57	 94.77	 94.77	 94.57	 94.19	 93.69	 93.09	
 35.00	 93.09	 93.38	 93.53	 93.53	 93.38	 93.09	 92.69	 92.21	
 40.00	 92.10	 92.33	 92.45	 92.45	 92.33	 92.10	 91.78	 91.39	
 45.00	 91.20	 91.39	 91.48	 91.48	 91.39	 91.20	 90.94	 90.62	
 50.00	 90.39	 90.54	 90.62	 90.62	 90.54	 90.39	 90.17	 89.89	
 55.00	 89.63	 89.76	 89.83	 89.83	 89.76	 89.63	 89.45	 89.22	
 60.00	 88.94	 89.05	 89.10	 89.10	 89.05	 88.94	 88.78	 88.58	
 65.00	 88.30	 88.39	 88.44	 88.44	 88.39	 88.30	 88.16	 87.98	
 70.00	 87.69	 87.78	 87.82	 87.82	 87.78	 87.69	 87.58	 87.42	
 75.00	 87.13	 87.20	 87.24	 87.24	 87.20	 87.13	 87.03	 86.89	
 80.00	 86.60	 86.66	 86.70	 86.70	 86.66	 86.60	 86.51	 86.39	
 85.00	 86.10	 86.16	 86.18	 86.18	 86.16	 86.10	 86.02	 85.91	
 90.00	 85.63	 85.68	 85.70	 85.70	 85.68	 85.63	 85.55	 85.46	
 95.00	 85.18	 85.22	 85.25	 85.25	 85.22	 85.18	 85.11	 85.02	
100.00	 84.75	 84.79	 84.81	 84.81	 84.79	 84.75	 84.69	 84.61	



Error Values
y/x	-10.00	 -5.00	  0.00	  5.00	 10.00	 15.00	 20.00	 25.00	
-15.00	 -4.11	 -1.48	 -4.66	 -5.25	 -6.19	  0.27	 -1.66	  2.56	
-10.00	 -2.32	  0.00	 -3.95	 -6.53	 -1.39	  1.03	 -4.91	  0.74	
 -5.00	  1.49	 -2.53	 -5.31	 -7.56	 -4.12	 -3.65	 -3.10	  1.06	
  0.00	  0.33	 -2.79	  1.58	 -0.97	  2.88	  2.83	  0.75	 -0.03	
  5.00	  3.74	  3.71	  9.53	  8.27	  1.29	 -0.51	 -0.63	  0.67	
 10.00	  0.15	  5.47	  4.69	  3.11	  4.39	  2.05	  0.61	  2.26	
 15.00	  4.06	  5.97	  3.02	  5.88	 -0.30	  5.54	 -0.61	 -1.09	
 20.00	  3.46	 -1.00	 -1.76	  5.30	 -0.50	 -0.05	  2.52	 -0.76	
 25.00	 -2.10	  5.50	  2.38	  1.11	  1.72	  0.06	  0.62	 -1.24	
 30.00	  3.32	  1.60	  2.56	 -0.89	  0.40	  3.50	  2.52	  0.61	
 35.00	  3.46	 -2.34	  2.06	 -2.36	  0.51	 -0.46	  3.99	 -3.00	
 40.00	  4.76	  4.97	  3.39	  0.59	  1.03	 -1.30	  2.06	 -0.62	
 45.00	  2.71	  0.23	  2.92	 -0.89	  0.46	  4.37	  2.31	 -1.53	
 50.00	  1.84	 -2.08	 -1.48	  1.72	  1.89	 -0.22	  1.37	  0.34	
 55.00	 -3.03	 -0.72	 -3.11	 -0.14	  2.24	 -2.50	 -3.00	  1.57	
 60.00	 -3.18	 -3.16	 -1.75	  1.42	 -2.83	 -0.36	  1.72	  2.38	
 65.00	 -2.69	  0.29	  0.20	 -0.51	 -2.11	  2.05	  2.22	  2.42	
 70.00	  1.04	 -2.42	  0.22	  2.34	  3.75	 -1.21	 -1.38	  3.49	
 75.00	  3.00	  3.84	 -1.57	 -1.51	 -3.03	 -2.81	  1.67	 -1.94	
 80.00	 -2.08	 -2.09	  4.49	  0.06	 -0.74	 -0.96	 -0.56	 -0.35	
 85.00	 -2.54	 -3.19	  0.18	  3.47	  3.98	 -1.38	 -2.23	  3.46	
 90.00	  1.64	  4.21	  1.80	  3.45	 -3.44	 -2.43	  3.02	 -0.11	
 95.00	  2.33	  1.96	 -0.78	 -2.22	 -2.30	 -2.02	 -0.18	  3.28	
100.00	  2.96	  0.12	  0.09	  0.04	 -0.27	  3.64	 -3.53	 -1.21	



Absolute Percent Error
y/x	-10.00	 -5.00	  0.00	  5.00	 10.00	 15.00	 20.00	 25.00	
-15.00	  4.11	  1.46	  4.53	  5.10	  6.09	  0.27	  1.68	  2.65	
-10.00	  2.28	  0.00	  3.69	  6.10	  1.33	  1.01	  4.93	  0.76	
 -5.00	  1.45	  2.36	  4.65	  6.63	  3.85	  3.55	  3.10	  1.08	
  0.00	  0.32	  2.61	  1.39	  0.85	  2.69	  2.75	  0.75	  0.03	
  5.00	  3.67	  3.55	  8.90	  7.72	  1.24	  0.51	  0.63	  0.69	
 10.00	  0.15	  5.37	  4.56	  3.02	  4.31	  2.05	  0.62	  2.34	
 15.00	  4.13	  6.01	  3.02	  5.88	  0.30	  5.63	  0.63	  1.14	
 20.00	  3.58	  1.02	  1.80	  5.41	  0.51	  0.05	  2.63	  0.80	
 25.00	  2.20	  5.73	  2.48	  1.16	  1.79	  0.07	  0.66	  1.31	
 30.00	  3.52	  1.70	  2.71	  0.93	  0.43	  3.71	  2.70	  0.65	
 35.00	  3.72	  2.50	  2.20	  2.52	  0.55	  0.49	  4.30	  3.26	
 40.00	  5.17	  5.39	  3.67	  0.64	  1.12	  1.41	  2.24	  0.68	
 45.00	  2.97	  0.25	  3.19	  0.98	  0.51	  4.79	  2.54	  1.68	
 50.00	  2.04	  2.29	  1.63	  1.90	  2.09	  0.24	  1.52	  0.37	
 55.00	  3.39	  0.80	  3.46	  0.15	  2.49	  2.79	  3.35	  1.76	
 60.00	  3.58	  3.55	  1.97	  1.59	  3.18	  0.41	  1.93	  2.68	
 65.00	  3.04	  0.33	  0.23	  0.57	  2.39	  2.33	  2.52	  2.74	
 70.00	  1.18	  2.75	  0.25	  2.67	  4.28	  1.38	  1.57	  3.99	
 75.00	  3.44	  4.40	  1.80	  1.73	  3.48	  3.23	  1.92	  2.23	
 80.00	  2.40	  2.42	  5.18	  0.07	  0.86	  1.11	  0.65	  0.40	
 85.00	  2.95	  3.70	  0.20	  4.02	  4.62	  1.60	  2.59	  4.03	
 90.00	  1.92	  4.92	  2.10	  4.02	  4.01	  2.83	  3.53	  0.12	
 95.00	  2.74	  2.30	  0.91	  2.60	  2.70	  2.37	  0.21	  3.85	
100.00	  3.49	  0.14	  0.10	  0.05	  0.32	  4.30	  4.17	  1.43	



The Maximum Error is = 9.53 at x=0.0 y=5.0
The Minimum Error is = -7.56 at x=5.0 y=-5.0
The Average Error is = 0.39
The Average of the absolute error is = 2.26

